New Text File : Flight Data0.31
0.63
0.00
0.00
0.00
0.31
0.31
0.31
CDA releasd at hight : 0.31
0.31
0.31
0.31
0.31
0.00
0.00
0.00
0.00
0.00
0.00
0.00
0.00
0.00
0.00
0.00
0.00
0.00
0.00
0.00
0.00
0.00
0.00
0.00
0.00
0.00
0.00
0.00
0.00
0.00
0.00
0.00
0.00
0.00
0.00
0.00
0.00
0.00
0.00
0.00
0.00
0.35
19.71
49.65
67.32
67.32
67.32
136.87
181.78
181.78
158.34
158.34
158.34
246.99
CDA releasd at hight : 246.99
278.70
295.66
256.33
218.89
202.23
202.23
202.23
87.28
96.17
112.77
112.77
76.21
52.70
29.98
21.76
5.00
5.00
5.00
5.00
5.00
5.00
5.00
5.00
5.00
5.00
5.00
0.27
0.27
0.27
0.27
0.27
0.27
0.27
0.27
0.27
